10101100111100011101111100101010
11001000100000000001000000001011
10101001101000111010101110010000
00001000000000000100010100000000
00000000001100010101011011101111
00000000000000001000000000010001
01101110111001111100000010101000
00000000101101110010111001100101
10000101001000011111110010110001
00011111010010000000000000011101
11010111111010000100101001110101
01110011011101000010000001110011
01100101011011100110010000100000
01101101011001010010000001100001
00100000011100000110000101100011
011010110110010101110100
